((("scheme" .
   [1 0 0 0 0 0])
  ("cCoor" .
   [2 0 0 0 0])
  ("cSM_2" .
   [2 0 0 0 0])
  ("cellSizeMeter" .
   [0 0 0 0 0 0 0 0 0 1 0 0 0])
  ("rem" .
   [2 0 0])
  ("type" .
   [2 0 0 0])
  ("cCoor1" .
   [5 0 0 0 0 0])
  ("cSM" .
   [2 0 0])
  ("azi" .
   [6 0 0])
  ("L_1" .
   [3 0 0])
  ("L_2" .
   [3 0 0])
  ("楕円体の扁平率" .
   [2 0 0 0 0 0 0])
  ("print" .
   [0 0 0 1 0])
  ("tStation" .
   [0 0 1 0 0 0 0 0])
  ("GeographicCoordinate" .
   [1 0 0 1 0 0 0 0 0 0 0 0 0 0 0 0 0 0 0 0])
  ("radToDeg" .
   [0 0 0 1 1 0 0 0])
  ("T_1" .
   [2 0 0])
  ("y_2_minus_y_1" .
   [0 0 0 0 1 0 0 0 0 0 0 0 0])
  ("x_2_minus_x_1" .
   [0 0 0 0 1 0 1 0 0 0 0 0 0])
  ("y_2_plus_y_1" .
   [0 0 0 0 0 1 0 0 0 0 0 0])
  ("R_0_2" .
   [1 0 0 0 0])
  ("R" .
   [1])
  ("R_0" .
   [3 0 0])
  ("y_" .
   [1 0])
  ("y_2" .
   [3 0 0])
  ("y_1" .
   [3 0 0])
  ("pow" .
   [3 0 0])
  ("m_0" .
   [4 0 0])
  ("e_2" .
   [2 0 0])
  ("mySqrt" .
   [1 0 0 0 0 0])
  ("c1" .
   [2 0])
  ("楕円体の長半径" .
   [2 0 0 0 0 0 0])
  ("ラジアンに単位を変換した、デカルト座標系の原点に対応する地理座標系の緯度" .
   [1 0 0 0 0 0 0 0 0 0 0 0 0 0 0 0 0 0 0 0 0 0 0 0 0 0 0 0 0 0 0 0 0 0 0 0])
  ("gCoor1" .
   [1 0 0 0 0 0])
  ("CartesianCoordinate" .
   [0 0 1 1 0 0 0 0 0 0 0 0 0 0 0 0 0 0 0])
  ("lambda_0" .
   [1 0 0 0 0 0 0 0])
  ("lambda" .
   [6 0 0 0 0 0])
  ("phi" .
   [8 0 0])
  ("delta6" .
   [1 0 0 0 0 0])
  ("delta5" .
   [1 0 0 0 0 0])
  ("kai" .
   [2 0 0])
  ("sin" .
   [9 0 0])
  ("cos" .
   [11 0 0])
  ("beta5" .
   [1 0 0 0 0])
  ("beta4" .
   [1 0 0 0 0])
  ("beta3" .
   [1 0 0 0 0])
  ("beta2" .
   [1 0 0 0 0])
  ("cosh" .
   [1 0 0 0])
  ("xi" .
   [7 0])
  ("ita" .
   [11 0 0])
  ("A_bar" .
   [1 0 0 0 0])
  ("S_bar" .
   [1 0 0 0 0])
  ("xi_prime" .
   [8 0 0 0 1 0 1 0])
  ("delta4" .
   [2 0 0 0 0 0])
  ("delta3" .
   [2 0 0 0 0 0])
  ("delta2" .
   [2 0 0 0 0 0])
  ("start" .
   [1 0 0 0 1])
  ("xml" .
   [2 0 0])
  ("iterator" .
   [0 0 0 1 0 0 0 0])
  ("str" .
   [4 0 0])
  ("getLambda" .
   [1 0 1 0 5 1 0 0 0])
  ("getPhi" .
   [1 0 0 2 5 0])
  ("countDemand" .
   [0 0 0 0 0 1 0 0 0 0 0])
  ("itr_first" .
   [1 0 0 0 0 0 0 0 0])
  ("begin" .
   [1 0 0 0 0])
  ("sumCellDemand" .
   [0 0 0 0 0 0 0 1 0 0 0 0 0])
  ("maxDemand" .
   [1 0 0 0 0 2 0 0 0])
  ("ceil" .
   [1 0 0 0])
  ("sumDemand" .
   [1 0 0 1 0 0 1 0 0])
  ("gamma" .
   [9 0 0 0 0])
  ("threshold" .
   [4 0 0 0 0 0 0 0 0])
  ("tree" .
   [2 0 0 0])
  ("cTimeRound" .
   [1 0 0 0 0 0 0 0 0 0])
  ("demands" .
   [1 0 0 0 0 0 0])
  ("itr_PairData" .
   [0 0 0 1 0 0 0 0 0 0 0 0])
  ("step" .
   [5 0 0 1])
  ("month6to8" .
   [2 0 0 0 0 0 0 0 0])
  ("Step" .
   [1 0 0 0])
  ("minTemp" .
   [1 0 0 1 0 0 0])
  ("inputのデータの処理" .
   [1 0 0 0 0 0 0 0 0 0 0 0])
  ("vecY" .
   [9 0 0 0])
  ("vecX" .
   [16 0 0 0])
  ("vec" .
   [2 0 0])
  ("resize" .
   [2 0 0 0 0 0])
  ("allDemandAndDemand" .
   [0 0 0 4 0 0 0 0 0 0 0 0 0 0 0 0 0 0])
  ("nightW" .
   [2 0 0 1 0 0])
  ("num" .
   [5 0 0])
  ("i" .
   [8])
  ("numCell" .
   [16 0 0 0 0 0 0])
  ("Random" .
   [1 0 0 0 0 0])
  ("itr_PairData_first" .
   [0 0 0 0 0 2 0 0 0 0 0 0 0 0 0 0 0 0])
  ("it_PairData" .
   [0 0 0 4 2 0 0 0 0 0 0])
  ("itr_PairData_last" .
   [1 0 0 0 0 0 0 0 0 0 0 0 0 1 0 0 0])
  ("end" .
   [2 0 0])
  ("pairData" .
   [3 0 0 0 0 0 0 1])
  ("it" .
   [13 0])
  ("output" .
   [1 0 0 4 0 0])
  ("allDemand" .
   [1 0 0 1 1 1 0 0 0])
  ("index" .
   [9 0 0 0 0])
  ("OutputData" .
   [0 0 0 0 0 1 1 0 0 0])
  ("d" .
   [3])
  ("dayW" .
   [7 0 0 0])
  ("maxTemp" .
   [2 0 0 2 0 0 0])
  ("pTimeRound" .
   [2 0 1 0 0 2 1 0 0 0])
  ("InputData" .
   [0 0 0 0 0 1 0 0 0])
  ("s" .
   [3])
  ("endl" .
   [11 0 0 0])
  ("size" .
   [9 0 0 1])
  ("hogePairData" .
   [1 0 0 0 1 1 1 0 0 0 0 0])
  ("PairData" .
   [0 0 0 0 3 0 0 0])
  ("out" .
   [1 0 0])
  ("demand" .
   [7 0 0 0 1 0])
  ("vector" .
   [6 0 0 0 0 0])
  ("doubl" .
   [8 0 0 0 0])
  ("make" .
   [1 0 0 0])
  ("OUT" .
   [0 0 1])
  ("batchSize" .
   [4 0 0 0 0 0 0 0 0])
  ("cpu_data" .
   [0 0 0 1 0 0 0 0])
  ("blobs" .
   [1 0 0 0 0])
  ("name" .
   [1 0 0 0])
  ("channels" .
   [2 0 0 0 0 0 0 0])
  ("result" .
   [2 0 0 0 0 0])
  ("ip_blobs_test" .
   [1 0 0 0 0 0 0 0 0 0 0 0 0])
  ("data" .
   [2 0 0 0])
  ("input_test_data" .
   [1 0 0 0 0 0 0 0 0 0 0 0 0 0 0])
  ("f" .
   [5])
  ("Netを取得する" .
   [2 0 0 0 0 0 0 0])
  ("Net" .
   [1 0 0])
  ("t" .
   [3])
  ("string" .
   [5 0 0 0 0 0])
  ("testNet" .
   [5 0 0 0 0 0 0])
  ("caffe" .
   [3 0 0 0 0])
  ("input" .
   [8 0 0 3 0])
  ("layer_by_name" .
   [2 0 0 0 0 0 0 0 0 0 0 0 0])
  ("solver" .
   [1 0 0 0 0 0])
  ("net" .
   [3 0 0])
  ("target_data" .
   [0 0 0 1 0 0 0 0 0 0 0])
  ("input_data" .
   [5 0 0 0 0 0 0 0 0 0])
  ("target" .
   [12 0 0 0 0 0])
  ("double" .
   [0 0 0 0 1 0])
  ("UniformRandom" .
   [0 0 0 1 0 0 0 0 0 0 0 0 0])
  ("uniform_real" .
   [1 0 0 0 0 0 0 0 0 0 0 0])
  ("boost" .
   [9 0 0 0 0])
  ("std" .
   [47 0 0])
  ("num_data" .
   [9 0 0 0 0 0 1 0])
  ("num_var" .
   [5 0 0 0 0 0 0])
  ("ass" .
   [1 0 0])
  ("asdohaisjhdka" .
   [0 0 1 0 0 0 0 0 0 0 0 0 0])
  ("hoge" .
   [7 0 2 0])
  ("sdaashdgjagsdjhgajsgda" .
   [0 0 1 0 0 0 0 0 0 0 0 0 0 0 0 0 0 0 0 0 0 0])
  ("for" .
   [0 0 1])
  ("float" .
   [0 0 1 1 0])
  ("fts.h" .
   [2 2 0 0 0])
  ("include" .
   [0 0 2 2 0 0 0])
  ("main" .
   [9 0 0 0])
  ("cout" .
   [18 0 0 0])
  ("while" .
   [0 0 0 0 2])
  ("set_batch_size" .
   [0 0 0 0 0 0 1 0 0 0 0 0 0 0])
  ("target_test_layer" .
   [1 0 0 0 0 0 0 0 0 0 0 0 0 0 0 0 0])
  ("numRow" .
   [5 0 0 0 0 0])
  ("numCol" .
   [4 0 0 0 0 0])
  ("in" .
   [44 0])
  ("vRow" .
   [1 0 0 0])
  ("vCol" .
   [4 0 0 0])
  ("fileRela_write" .
   [1 0 0 0 0 0 0 0 0 0 0 0 0 0])
  ("days" .
   [6 0 0 0])
  ("month" .
   [1 0 0 0 0])
  ("years" .
   [1 0 0 0 0])
  ("test" .
   [1 0 0 0])
  ("test1" .
   [1 0 0 0 0])
  ("test2" .
   [1 0 0 0 0])
  ("dayOfWeek" .
   [0 0 0 1 1 0 0 0 0])
  ("isHoliday" .
   [2 0 0 0 0 0 0 0 0])
  ("months" .
   [3 0 0 0 0 0])
  ("month12to2" .
   [1 0 0 0 0 0 0 0 0 0])
  ("month3to5" .
   [1 0 0 0 0 0 0 0 0])
  ("month9to11" .
   [1 0 0 0 0 0 0 0 0 0])
  ("u" .
   [2])
  ("push_back" .
   [1 0 0 0 0 0 0 0 0])
  ("num_erase" .
   [1 0 0 0 0 0 0 0 0])
  ("データ数の削減、複製を行う" .
   [1 0 0 0 0 0 0 0 0 0 0 0 0])
  ("n" .
   [2])
  ("numData" .
   [2 0 0 0 0 1 0])
  ("numVar" .
   [1 0 0 0 0 0])
  ("numOutputVar" .
   [0 0 0 0 0 0 1 0 0 0 0 0])
  ("xmlのラベルの文字も後でViswaさんと変更" .
   [1 0 0 0 0 0 0 0 0 0 0 0 0 0 0 0 0 0 0 0 0 0 0])
  ("求解の設定パラメータを保持する型" .
   [1 0 0 0 0 0 0 0 0 0 0 0 0 0 0 0])
  ("solveをスマートポインタの変数名として使う" .
   [1 0 0 0 0 0 0 0 0 0 0 0 0 0 0 0 0 0 0 0 0 0 0])
  ("fileDire" .
   [1 0 0 0 0 0 0 0])
  ("fileName" .
   [1 0 0 0 1 0 0 0])
  ("EDITOR" .
   [1 0 0 0 0 0])
  ("wall" .
   [1 0 0 0])
  ("createFolder" .
   [1 0 0 0 0 0 0 0 0 0 0 0])
  ("comment" .
   [2 0 0 0 0 0 0])
  ("dir" .
   [5 0 0])
  ("file" .
   [4 0 0 0])
  ("dirStr" .
   [3 0 0 0 0 0])
  ("fileStr" .
   [3 0 0 0 0 0 0])
  ("filesystem" .
   [0 0 0 0 0 0 1 0 0 0])
  ("path" .
   [4 0 0 0])
  ("bool" .
   [1 0 0 0])
  ("false" .
   [1 0 0 0 0])
  ("treeのノードの追加" .
   [0 0 0 0 1 0 0 0 0 0 0])
  ("pathStr" .
   [2 0 0 0 0 0 0])
  ("isTestMode" .
   [1 0 0 0 0 0 0 0 0 0])
  ("createRationalMap" .
   [1 0 0 0 0 0 0 0 1 0 0 0 0 0 0 0 0])
  ("display" .
   [13 0 0 0 0 0 0])
  ("createNeighborhood" .
   [0 0 0 0 0 0 0 0 0 0 1 0 0 0 0 0 0 0])
  ("create" .
   [2 0 0 0 0 0])
  ("neuralThreshold" .
   [0 0 0 0 0 0 0 0 0 0 1 0 0 0 0])
  ("greedyThreshold" .
   [0 0 0 0 0 0 0 1 0 0 0 0 0 0 0])
  ("discreteTimeWidth" .
   [1 0 0 0 0 0 0 0 0 0 0 0 0 0 0 0 0])
  ("timeHorizon" .
   [1 0 0 0 0 0 0 0 1 0 0])
  ("createTimeParametes" .
   [0 0 0 0 0 0 0 0 0 1 0 0 0 0 0 0 0 0 0])
  ("gCoorGoal" .
   [1 0 0 0 0 0 0 0 0])
  ("alpha_1" .
   [4 0 0 0 0 0 0])
  ("sita" .
   [6 0 0 0])
  ("Gamma" .
   [2 0 0 0 0])
  ("zeta" .
   [2 0 0 0])
  ("sigma" .
   [3 0 0 0 0])
  ("l_prime" .
   [1 0 0 2 0 0 0])
  ("L_prime" .
   [1 0 0 3 0 4 1])
  ("Delta" .
   [3 0 0 0 0])
  ("Sigma" .
   [4 0 0 0 0])
  ("u_1" .
   [5 0 0])
  ("u_2" .
   [7 0 0])
  ("Sigma_prime" .
   [1 0 0 0 0 1 0 3 0 0 0])
  ("Delta_prime" .
   [0 0 0 0 0 0 1 2 0 0 0])
  ("ita_prime" .
   [6 0 0 0 0 1 0 2 0])
  ("su_1" .
   [6 0 0 0])
  ("su_2" .
   [4 0 0 0])
  ("cu_1" .
   [3 0 0 0])
  ("cu_2" .
   [1 0 0 0])
  ("hoge1" .
   [8 0 0 0 0])
  ("n_0" .
   [2 0 0])
  ("length" .
   [1 0 0 0 0 0])
  ("azimuth" .
   [1 0 0 0 0 0 1])
  ("epsilon" .
   [1 0 0 0 0 0 0])
  ("M_PI" .
   [6 0 0 0])
  ("fabs" .
   [2 0 0 0])
  ("S" .
   [1])
  ("phi_1" .
   [2 0 0 0 0])
  ("phi_2" .
   [3 0 0 0 0])
  ("sita_0" .
   [6 0 0 0 0 0])
  ("sita_n" .
   [3 0 0 0 0 0])
  ("sita_n_plus_1" .
   [1 0 0 0 0 0 0 0 0 1 0 0 0])
  ("zone" .
   [8 0 1 0])
  ("degToRad" .
   [0 0 0 0 1 0 0 0])
  ("su_1_2" .
   [3 0 0 0 0 1])
  ("f_pi" .
   [1 0 0 0])
  ("cu_1_2" .
   [1 0 0 0 0 0])
  ("frac_1_4_f_1_plus_f" .
   [0 0 0 2 0 0 0 0 0 0 0 0 0 0 0 0 0 0 0])
  ("frac_3_16_f_f" .
   [0 0 0 3 0 0 0 0 0 0 0 0 0])
  ("su_1_4" .
   [1 0 0 0 0 0])
  ("d_1" .
   [3 0 0])
  ("d_2" .
   [1 0 0])
  ("f_1" .
   [3 0 0])
  ("gamma_0" .
   [1 0 0 0 0 0 0])
  ("f_pi_inv" .
   [0 0 0 0 1 0 0 0])
  ("isGroup1" .
   [0 0 0 0 0 1 0 0])
  ("zeta_prime" .
   [1 0 0 0 0 0 0 0 0 0])
  ("condition" .
   [2 0 0 0 0 0 0 0 0])
  ("ita_2" .
   [2 0 0 0 0])
  ("xi_2" .
   [1 0 0 0])
  ("h" .
   [1])
  ("hoge2" .
   [5 0 0 0 0])
  ("alpha" .
   [2 0 0 0 0])
  ("DeltaAlpha_2" .
   [1 0 0 2 0 0 2 0 0 0 0 0])
  ("alpha_prime" .
   [0 0 0 0 0 0 0 2 0 1 0])
  ("alpha_1_prime" .
   [0 0 0 0 0 0 0 0 1 2 0 0 0])
  ("alpha_2" .
   [3 0 0 0 0 0 0])
  ("alpha_21_prime" .
   [0 0 0 0 0 0 0 0 1 2 0 0 0 0])
  ("atan" .
   [1 0 0 0])
  ("tan" .
   [2 0 0])
  ("a" .
   [1])
  ("hoge_1" .
   [1 0 0 0 0 0])
  ("cellSizePhi" .
   [1 0 0 0 0 0 0 0 0 0 0])
  ("cellSizeLambda" .
   [1 0 0 0 0 0 0 0 0 0 0 0 0 0])
  ("col" .
   [6 0 0])
  ("vecXMin" .
   [1 0 0 0 0 0 0])
  ("vecXMax" .
   [1 0 0 0 0 0 0])
  ("後で正規化" .
   [1 0 0 0 0])
  ("numInputVar" .
   [0 0 0 0 1 0 0 0 0 0 0])
  ("ret" .
   [6 0 0])
  ("row" .
   [4 0 0])
  ("c" .
   [2])
  ("northPhi" .
   [1 0 0 0 0 0 0 0])
  ("westLambda" .
   [3 0 0 0 0 0 0 0 0 0])
  ("gCoor" .
   [4 0 0 0 1])
  ("gCoorNW" .
   [8 0 0 0 0 0 0])
  ("gCoorSE" .
   [6 0 0 0 0 0 0])))
